1 0 6580
2 6580 8158
3 14738 3654
4 18392 4977
5 23369 3451
6 26820 1869
7 28689 984
8 29673 1403
9 31076 1150
10 32226 2092
11 34318 1292
12 35610 1731
13 37341 1795
14 39136 2175
15 41311 1797
16 43108 7648
17 50756 18300
18 69056 3854
19 72910 4386
20 77296 3333
21 80629 3542
22 84171 10434
23 94605 4058
24 98663 1212
25 99875 875
26 100750 1487
27 102237 954
28 103191 1962
29 105153 4421
30 109574 1625
31 111199 6231
32 117430 7633
33 125063 1976
34 127039 3992
35 131031 2656
36 133687 4754
37 138441 8741
38 147182 4942
39 152124 7970
40 160094 4780
41 164874 9992
42 174866 2171
43 177037 1594
44 178631 2066
46 180697 2420
47 183117 2884
48 186001 2566
49 188567 13297
50 201864 2467
51 204331 2202
52 206533 2498
53 209031 3052
55 212083 10096
56 222179 9576
57 231755 4698
58 236453 6996
59 243449 3632
60 247081 3405
61 250486 2843
62 253329 5874
63 259203 3080
64 262283 5825
65 268108 4769
66 272877 13641
67 286518 3821
68 290339 2960
69 293299 1578
70 294877 8075
71 302952 5670
72 308622 12463
73 321085 3812
74 324897 2165
75 327062 5464
76 332526 5834
77 338360 7918
78 346278 10133
79 356411 3575
80 359986 3379
81 363365 2175
82 365540 297
83 365837 3774
84 369611 1985
85 371596 1456
86 373052 7369
87 380421 1017
88 381438 941
89 382379 1602
90 383981 3269
91 387250 1822
92 389072 4022
93 393094 2161
94 395255 4012
95 399267 1382
96 400649 4917
97 405566 2599
98 408165 1750
99 409915 1973
100 411888 1483
105 413371 4099
106 417470 12663
107 430133 16845
108 446978 12208
109 459186 22481
110 481667 43475
112 525142 15776
113 540918 28268
114 569186 12321
117 581507 3898
119 585405 33587
120 618992 2382
121 621374 2265
122 623639 15040
123 638679 10933
124 649612 7804
125 657416 9417
126 666833 2465
127 669298 6056
128 675354 8331
130 683685 14023
131 697708 13302
132 711010 28272
134 739282 15757
136 755039 13718
138 768757 25058
139 793815 351
141 794166 30112
142 824278 6905
143 831183 22030
144 853213 4181
145 857394 5553
146 862947 3444
147 866391 4287
148 870678 4069
149 874747 6562
150 881309 3798
151 885107 5524
152 890631 3417
153 894048 4497
155 898545 2848
156 901393 16259
157 917652 4095
158 921747 12970
159 934717 16836
160 951553 12327
161 963880 22418
164 986298 94225
165 1080523 28288
167 1108811 14111
168 1122922 13195
169 1136117 28298
171 1164415 25063
173 1189478 29992
174 1219470 28271
179 1247741 3696
180 1251437 10040
181 1261477 16857
182 1278334 12215
183 1290549 17162
184 1307711 42218
187 1349929 28268
189 1378197 298
190 1378495 318
192 1378813 14051
193 1392864 13334
195 1406198 271
196 1406469 307
197 1406776 1724
200 1408500 28271
202 1436771 10168
204 1446939 55704
205 1502643 10352
206 1512995 5383
207 1518378 8887
208 1527265 7645
209 1534910 6473
211 1541383 94247
215 1635630 5496
216 1641126 5361
217 1646487 6888
219 1653375 6917
223 1660292 11852
225 1672144 5307
226 1677451 6598
227 1684049 3925
228 1687974 6324
229 1694298 5015
230 1699313 6896
231 1706209 4226
232 1710435 8213
233 1718648 5030
234 1723678 4533
237 1728211 3166
238 1731377 7976
239 1739353 3773
240 1743126 5432
241 1748558 10478
242 1759036 7477
243 1766513 8413
244 1774926 24881
246 1799807 15686
249 1815493 5523
250 1821016 5222
251 1826238 3509
252 1829747 6911
253 1836658 3502
254 1840160 2963
255 1843123 3608
258 1846731 15070
260 1861801 11897
261 1873698 6904
262 1880602 13916
263 1894518 14221
265 1908739 5037
270 1913776 3689
271 1917465 5321
272 1922786 10068
273 1932854 7558
274 1940412 8556
275 1948968 16968
277 1965936 15694
280 1981630 5524
282 1987154 5541
283 1992695 5251
284 1997946 6895
288 2004841 11841
289 2016682 6860
294 2023542 3806
295 2027348 5315
296 2032663 10048
297 2042711 7513
298 2050224 8404
299 2058628 17206
301 2075834 15724
304 2091558 5640
305 2097198 5315
306 2102513 6904
310 2109417 16370
312 2125787 6873
314 2132660 11837
328 2144497 15774
330 2160271 3395
332 2163666 3647
333 2167313 5452
334 2172765 10055
335 2182820 7560
336 2190380 8438
337 2198818 23795
339 2222613 5582
340 2228195 5250
342 2233445 6993
345 2240438 11917
355 2252355 3632
356 2255987 5317
357 2261304 10043
358 2271347 7528
359 2278875 8277
360 2287152 17693
362 2304845 15763
363 2320608 6860
365 2327468 5617
366 2333085 5211
371 2338296 8953
376 2347249 3182
381 2350431 3653
382 2354084 5539
383 2359623 10136
384 2369759 7429
385 2377188 8291
386 2385479 17196
389 2402675 15762
390 2418437 9206
393 2427643 5599
394 2433242 5259
397 2438501 6860
401 2445361 6860
403 2452221 9403
408 2461624 5876
409 2467500 6215
410 2473715 3865
411 2477580 7682
412 2485262 4733
413 2489995 4485
414 2494480 3617
415 2498097 7424
416 2505521 5065
417 2510586 5073
420 2515659 3415
422 2519074 3836
423 2522910 5691
424 2528601 10043
425 2538644 7577
426 2546221 8342
427 2554563 24692
429 2579255 15765
431 2595020 5902
432 2600922 10625
434 2611547 7091
436 2618638 5641
437 2624279 5266
438 2629545 3660
441 2633205 9917
449 2643122 3588
450 2646710 5574
451 2652284 10079
452 2662363 7616
453 2669979 8338
454 2678317 17567
456 2695884 15852
460 2711736 5665
461 2717401 5340
467 2722741 9141
469 2731882 11900
473 2743782 4243
475 2748025 15831
480 2763856 6164
481 2770020 5817
482 2775837 10673
484 2786510 3542
485 2790052 5506
486 2795558 10084
488 2805642 8303
489 2813945 16865
492 2830810 5647
493 2836457 5287
494 2841744 7190
496 2848934 17239
497 2866173 14981
499 2881154 3301
501 2884455 6574
503 2891029 10089
509 2901118 5707
510 2906825 4312
511 2911137 3291
512 2914428 6026
513 2920454 4808
514 2925262 4306
515 2929568 3934
516 2933502 5459
517 2938961 4737
518 2943698 5726
521 2949424 8062
522 2957486 2746
523 2960232 3366
524 2963598 5742
525 2969340 10095
527 2979435 8460
528 2987895 22802
530 3010697 15788
533 3026485 5598
534 3032083 5145
538 3037228 10339
540 3047567 11802
542 3059369 15246
548 3074615 2560
549 3077175 4826
550 3082001 9232
551 3091233 6935
552 3098168 7747
553 3105915 16343
555 3122258 15680
557 3137938 3061
559 3140999 5515
560 3146514 5347
567 3151861 57119
568 3208980 7162
570 3216142 15836
572 3231978 5801
575 3237779 5067
576 3242846 5028
579 3247874 13166
581 3261040 10376
583 3271416 3493
589 3274909 3226
590 3278135 6819
591 3284954 3336
592 3288290 4797
593 3293087 5742
594 3298829 7620
595 3306449 7843
596 3314292 5373
597 3319665 7490
598 3327155 4503
599 3331658 3532
600 3335190 4462
601 3339652 3989
602 3343641 3991
603 3347632 4216
604 3351848 16817
605 3368665 2019
607 3370684 14336
608 3385020 8863
609 3393883 8070
610 3401953 4801
611 3406754 11418
612 3418172 3398
613 3421570 4997
614 3426567 4577
625 3431144 24360
626 3455504 2027
627 3457531 4962
628 3462493 4944
629 3467437 5047
630 3472484 4184
631 3476668 3981
632 3480649 3339
633 3483988 23990
636 3507978 5344
637 3513322 15728
639 3529050 1870
640 3530920 5102
641 3536022 5645
642 3541667 3251
643 3544918 6451
644 3551369 7340
655 3558709 34045
656 3592754 1952
657 3594706 4430
658 3599136 5770
659 3604906 4158
660 3609064 2259
661 3611323 21467
662 3632790 5174
663 3637964 4792
664 3642756 4374
665 3647130 2199
666 3649329 4526
667 3653855 4291
668 3658146 5636
669 3663782 4329
670 3668111 22541
671 3690652 4702
672 3695354 3916
673 3699270 5087
674 3704357 2134
675 3706491 4577
676 3711068 5411
677 3716479 5540
678 3722019 3129
679 3725148 5160
680 3730308 5596
681 3735904 6206
682 3742110 3468
683 3745578 5239
684 3750817 4740
685 3755557 4819
686 3760376 3781
687 3764157 6843
688 3771000 4827
689 3775827 4465
690 3780292 2289
691 3782581 25033
692 3807614 4772
693 3812386 5077
694 3817463 9490
695 3826953 10295
696 3837248 4175
697 3841423 4326
698 3845749 3921
699 3849670 5924
700 3855594 24228
702 3879822 5147
703 3884969 5160
704 3890129 5462
705 3895591 3979
706 3899570 3303
707 3902873 3866
708 3906739 4613
709 3911352 4892
710 3916244 19087
711 3935331 2330
712 3937661 4711
713 3942372 8022
714 3950394 7909
716 3958303 5062
717 3963365 7568
718 3970933 5094
729 3976027 23890
730 3999917 2308
731 4002225 3815
732 4006040 6742
733 4012782 4743
734 4017525 4966
735 4022491 3490
736 4025981 15586
737 4041567 4800
738 4046367 4023
739 4050390 4090
741 4054480 4597
742 4059077 9062
743 4068139 4142
744 4072281 4532
745 4076813 4589
746 4081402 3014
747 4084416 9013
748 4093429 8253
749 4101682 2363
750 4104045 3771
751 4107816 5219
752 4113035 5193
753 4118228 4895
754 4123123 19067
755 4142190 4765
756 4146955 6396
757 4153351 2718
758 4156069 3422
759 4159491 5198
760 4164689 2797
761 4167486 11007
762 4178493 4468
773 4182961 22468
775 4205429 4488
776 4209917 4379
777 4214296 5267
778 4219563 2576
779 4222139 4369
780 4226508 3714
781 4230222 4344
782 4234566 6246
783 4240812 27008
785 4267820 5339
788 4273159 5162
789 4278321 16046
790 4294367 2167
791 4296534 2532
792 4299066 4100
793 4303166 3182
794 4306348 4191
795 4310539 3614
796 4314153 10982
797 4325135 10429
798 4335564 5471
799 4341035 13138
809 4354173 6719
810 4360892 4955
811 4365847 32153
812 4398000 2260
813 4400260 13202
814 4413462 11100
815 4424562 7206
816 4431768 3629
817 4435397 12612
818 4448009 4453
819 4452462 2947
820 4455409 8494
821 4463903 2716
822 4466619 3292
823 4469911 2287
824 4472198 4451
825 4476649 16509
827 4493158 4304
828 4497462 7319
829 4504781 4364
830 4509145 1977
831 4511122 5650
832 4516772 21921
833 4538693 2326
834 4541019 1951
835 4542970 2468
836 4545438 2837
837 4548275 18695
838 4566970 4323
839 4571293 6583
840 4577876 9943
841 4587819 4686
842 4592505 4506
843 4597011 3852
844 4600863 1949
845 4602812 6807
846 4609619 2759
847 4612378 5087
848 4617465 3340
849 4620805 7241
850 4628046 3645
851 4631691 4920
852 4636611 7080
853 4643691 4670
854 4648361 5741
855 4654102 4418
857 4658520 22678
858 4681198 4666
859 4685864 3841
860 4689705 13548
861 4703253 2093
862 4705346 2088
863 4707434 2183
864 4709617 3021
865 4712638 1747
866 4714385 19689
867 4734074 4517
868 4738591 3828
869 4742419 4779
870 4747198 2712
871 4749910 2513
872 4752423 2279
873 4754702 2986
874 4757688 2414
875 4760102 3009
876 4763111 23011
877 4786122 4540
878 4790662 7358
879 4798020 2284
880 4800304 4105
881 4804409 2015
882 4806424 2062
883 4808486 3839
884 4812325 6193
885 4818518 5888
886 4824406 4426
887 4828832 4784
888 4833616 5368
889 4838984 3899
890 4842883 4876
891 4847759 4599
892 4852358 24786
894 4877144 4155
895 4881299 4155
896 4885454 4669
897 4890123 2698
899 4892821 2471
900 4895292 2471
901 4897763 2905
902 4900668 16869
903 4917537 4516
904 4922053 4519
905 4926572 2138
906 4928710 8394
907 4937104 2441
908 4939545 2925
909 4942470 2839
910 4945309 2899
911 4948208 20721
912 4968929 5470
913 4974399 4205
914 4978604 10183
915 4988787 10961
916 4999748 2324
917 5002072 4578
918 5006650 2910
919 5009560 5264
920 5014824 4091
921 5018915 6661
922 5025576 6869
923 5032445 3516
924 5035961 4259
925 5040220 3211
926 5043431 4820
927 5048251 1994
928 5050245 5162
929 5055407 24033
930 5079440 2236
931 5081676 4027
932 5085703 4296
934 5089999 2456
935 5092455 15646
937 5108101 3193
938 5111294 4245
939 5115539 2736
940 5118275 2531
941 5120806 21506
942 5142312 4213
943 5146525 16581
944 5163106 4070
946 5167176 4288
947 5171464 17183
948 5188647 4635
949 5193282 2136
950 5195418 13056
951 5208474 9819
952 5218293 5297
953 5223590 5602
954 5229192 3039
955 5232231 4289
956 5236520 9036
957 5245556 5645
958 5251201 5207
959 5256408 7141
960 5263549 6876
961 5270425 6687
962 5277112 5238
963 5282350 29553
964 5311903 3328
965 5315231 3974
966 5319205 5555
967 5324760 2707
968 5327467 7661
969 5335128 1977
970 5337105 2355
971 5339460 3056
972 5342516 4425
973 5346941 3080
974 5350021 2699
975 5352720 3853
976 5356573 2970
977 5359543 21303
978 5380846 5754
979 5386600 7463
980 5394063 4214
981 5398277 4692
982 5402969 1985
983 5404954 6246
984 5411200 2915
985 5414115 2524
986 5416639 2261
987 5418900 3125
988 5422025 13910
989 5435935 4269
990 5440204 4700
991 5444904 1873
992 5446777 4541
993 5451318 5672
994 5456990 2326
995 5459316 2474
996 5461790 4678
997 5466468 3627
998 5470095 9180
999 5479275 7562
1000 5486837 4201
1001 5491038 5327
1002 5496365 3046
1003 5499411 16013
1004 5515424 5034
1005 5520458 6072
1006 5526530 4411
1007 5530941 2313
1008 5533254 2735
1009 5535989 2059
1010 5538048 2911
1011 5540959 2523
1012 5543482 13051
1013 5556533 4773
1014 5561306 4872
1015 5566178 7351
1016 5573529 2077
1017 5575606 6242
1018 5581848 12418
1019 5594266 5930
1020 5600196 5299
1022 5605495 7442
1023 5612937 2294
1025 5615231 2517
1026 5617748 2782
1027 5620530 17566
1028 5638096 4132
1029 5642228 5289
1030 5647517 2396
1031 5649913 2378
1032 5652291 6503
1033 5658794 7257
1034 5666051 4690
1035 5670741 3675
1036 5674416 1913
1037 5676329 4099
1038 5680428 4541
1039 5684969 2739
1041 5687708 5201
1042 5692909 2204
1043 5695113 22510
1045 5717623 4009
1046 5721632 3737
1047 5725369 4151
1048 5729520 2810
1049 5732330 2496
1050 5734826 17056
1051 5751882 5106
1052 5756988 3365
1053 5760353 2215
1054 5762568 1625
1055 5764193 2572
1056 5766765 3570
1057 5770335 14619
1058 5784954 3858
1059 5788812 12981
1060 5801793 4650
1061 5806443 3468
1062 5809911 2155
1063 5812066 5348
1064 5817414 1986
1065 5819400 2512
1067 5821912 14993
1068 5836905 3769
1069 5840674 4653
1070 5845327 3584
1071 5848911 2525
1072 5851436 2823
1073 5854259 4702
1074 5858961 8305
1075 5867266 6754
1076 5874020 9466
1077 5883486 3592
1078 5887078 3815
1079 5890893 3978
1080 5894871 2290
1081 5897161 7741
1082 5904902 21633
1083 5926535 9829
1084 5936364 7078
1085 5943442 5216
1086 5948658 5225
1087 5953883 6076
1088 5959959 5950
1089 5965909 6022
1090 5971931 3610
1091 5975541 4385
1092 5979926 4785
1093 5984711 4732
1094 5989443 5067
1095 5994510 4796
1096 5999306 2520
1097 6001826 2322
1098 6004148 4721
1099 6008869 21938
1100 6030807 1477
1101 6032284 1996
1102 6034280 3116
1103 6037396 6319
1104 6043715 971
1105 6044686 6640
1106 6051326 925
1107 6052251 1135
1108 6053386 788
1109 6054174 6312
1110 6060486 2844
1111 6063330 5078
1112 6068408 9069
1113 6077477 7354
1114 6084831 1813
1115 6086644 5490
1116 6092134 3588
1117 6095722 1497
1118 6097219 641
1119 6097860 3284
1120 6101144 9158
1121 6110302 2873
1122 6113175 2217
1123 6115392 5714
1124 6121106 1288
1125 6122394 4412
1126 6126806 692
1127 6127498 2541
1128 6130039 1526
1129 6131565 1123
1130 6132688 2517
1131 6135205 4361
1132 6139566 2926
1133 6142492 5431
1134 6147923 5865
1135 6153788 4464
1136 6158252 2755
1137 6161007 2061
1138 6163068 1057
1139 6164125 801
1140 6164926 2638
1141 6167564 5776
1142 6173340 941
1143 6174281 1783
1144 6176064 1710
1145 6177774 7472
1146 6185246 1200
1147 6186446 2226
1148 6188672 2431
1149 6191103 1393
1150 6192496 570
1151 6193066 5003
1152 6198069 6121
1153 6204190 11623
1154 6215813 1205
1155 6217018 2330
1156 6219348 1017
1157 6220365 1246
1158 6221611 2182
1159 6223793 2820
1160 6226613 5186
1161 6231799 2434
1162 6234233 3022
1163 6237255 20079
1164 6257334 2836
1165 6260170 1606
1166 6261776 2246
1167 6264022 1751
1168 6265773 1460
1169 6267233 7350
1170 6274583 4602
1171 6279185 12590
1172 6291775 2394
1173 6294169 1822
1174 6295991 1433
1175 6297424 3108
1176 6300532 1372
1177 6301904 3880
1178 6305784 1091
1179 6306875 1118
1180 6307993 1324
1181 6309317 2355
1182 6311672 1947
1183 6313619 2348
1184 6315967 3465
1186 6319432 970
1187 6320402 7301
1188 6327703 5209
1189 6332912 6569
1190 6339481 4433
1191 6343914 3698
1192 6347612 2749
1193 6350361 30922
1194 6381283 3961
1195 6385244 5238
1196 6390482 2844
1197 6393326 1952
1198 6395278 4730
1199 6400008 1225
1200 6401233 2561
1201 6403794 8073
1202 6411867 11537
1203 6423404 2035
1204 6425439 3595
1205 6429034 5157
1206 6434191 5322
1207 6439513 5150
1208 6444663 6328
1209 6450991 1021
1210 6452012 7186
1211 6459198 2931
1212 6462129 9523
1213 6471652 4207
1214 6475859 6412
1215 6482271 2873
1216 6485144 1570
1217 6486714 2909
1218 6489623 3389
1219 6493012 1760
1220 6494772 5542
1221 6500314 9048
1223 6509362 2281
1224 6511643 8408
1225 6520051 6786
1226 6526837 6448
1227 6533285 3677
1228 6536962 3370
1229 6540332 2876
1230 6543208 3402
1231 6546610 458
1232 6547068 2156
1233 6549224 3914
1234 6553138 3603
1235 6556741 2898
1236 6559639 3567
1237 6563206 2684
1238 6565890 6549
1239 6572439 9410
1240 6581849 8421
1241 6590270 10514
1242 6600784 9681
1243 6610465 10263
1244 6620728 7945
1245 6628673 5461
1246 6634134 6231
1247 6640365 7480
1248 6647845 3538
1249 6651383 3977
1250 6655360 2346
1251 6657706 1533
1252 6659239 1650
1253 6660889 3139
1254 6664028 3501
1255 6667529 7587
1256 6675116 6329
1257 6681445 5924
1258 6687369 3560
1259 6690929 4581
1260 6695510 3471
1261 6698981 11591
1262 6710572 5139
1263 6715711 6628
1264 6722339 4793
1265 6727132 1058
1266 6728190 4154
1267 6732344 3645
1268 6735989 3430
1269 6739419 4299
1270 6743718 4892
1271 6748610 4545
1272 6753155 7973
1273 6761128 2233
1274 6763361 5525
1275 6768886 4365
1276 6773251 6519
1277 6779770 4777
1278 6784547 2155
1279 6786702 2131
1280 6788833 1481
1281 6790314 3301
1282 6793615 4583
1283 6798198 4122
1284 6802320 6223
1285 6808543 8565
1286 6817108 1841
1287 6818949 5768
1288 6824717 7262
1289 6831979 1261
1290 6833240 3408
1291 6836648 4095
1292 6840743 1596
1293 6842339 7282
1294 6849621 2742
1295 6852363 10127
1296 6862490 4280
1297 6866770 5792
1298 6872562 802
1299 6873364 3744
1300 6877108 1963
1301 6879071 5312
1302 6884383 1306
1303 6885689 14598
1304 6900287 1098
1305 6901385 1307
1306 6902692 5237
1307 6907929 2504
1308 6910433 3073
1309 6913506 6876
1310 6920382 6172
1311 6926554 9206
1312 6935760 11603
1313 6947363 2075
1314 6949438 6504
1315 6955942 5783
1316 6961725 10008
1317 6971733 7710
1325 6979443 5980
1326 6985423 1213
1327 6986636 4937
1328 6991573 9984
1329 7001557 5506
1330 7007063 3039
1331 7010102 1980
1332 7012082 1944
1333 7014026 2307
1334 7016333 1810
1335 7018143 1404
1336 7019547 1484
1337 7021031 1537
1338 7022568 1623
1339 7024191 3457
1340 7027648 2547
1341 7030195 15269
1342 7045464 3297
1343 7048761 7964
1344 7056725 3676
1345 7060401 3426
1346 7063827 6146
1347 7069973 2552
1348 7072525 3686
1349 7076211 2757
1350 7078968 9363
1351 7088331 1380
1353 7089711 1928
1354 7091639 4973
1355 7096612 1398
1356 7098010 1694
1357 7099704 1826
1358 7101530 2860
1359 7104390 8159
1360 7112549 7516
1361 7120065 3487
1362 7123552 9741
1363 7133293 1629
1364 7134922 936
1365 7135858 1651
1366 7137509 4129
1367 7141638 3758
1368 7145396 1021
1369 7146417 15059
1371 7161476 6506
1372 7167982 3483
1373 7171465 3494
1374 7174959 1200
1375 7176159 4789
1376 7180948 746
1377 7181694 483
1378 7182177 7787
1379 7189964 2855
1380 7192819 3625
1381 7196444 2731
1382 7199175 1197
1383 7200372 977
1384 7201349 2123
1388 7203472 11739
1389 7215211 5293
1390 7220504 5896
1391 7226400 1762
1392 7228162 956
1393 7229118 22535
1394 7251653 1485
1395 7253138 6617
1396 7259755 6410
1397 7266165 9562
1398 7275727 1614
1399 7277341 3766
1400 7281107 2084
1401 7283191 1030
1402 7284221 1086
1404 7285307 2149
1405 7287456 1932
1407 7289388 6207
1409 7295595 625
1411 7296220 3081
1412 7299301 1258
1413 7300559 2289
1414 7302848 1107
1415 7303955 3480
1416 7307435 4112
1417 7311547 4298
1418 7315845 6288
1419 7322133 3755
1420 7325888 700
1421 7326588 4277
1422 7330865 4081
1423 7334946 537
1424 7335483 987
1425 7336470 1584
1426 7338054 3655
1427 7341709 3583
1428 7345292 4804
1429 7350096 2698
1430 7352794 2079
1431 7354873 3131
1432 7358004 802
1435 7358806 3148
1436 7361954 2373
1437 7364327 2662
1438 7366989 3388
1439 7370377 2550
1440 7372927 4029
1441 7376956 2042
1442 7378998 1862
1443 7380860 4436
1444 7385296 1423
1445 7386719 4425
1446 7391144 3882
1447 7395026 5681
1448 7400707 6665
1449 7407372 4531
1450 7411903 1801
1453 7413704 6444
1454 7420148 2539
1455 7422687 3448
1456 7426135 2707
1458 7428842 10494
1459 7439336 752
1460 7440088 9116
1462 7449204 2205
1463 7451409 2521
1464 7453930 2391
1466 7456321 1335
1468 7457656 2946
1469 7460602 10160
1470 7470762 1277
1471 7472039 3969
1472 7476008 1125
1473 7477133 457
1474 7477590 10772
1475 7488362 1836
1476 7490198 3364
1477 7493562 3343
1478 7496905 3583
1479 7500488 9693
1480 7510181 2185
1481 7512366 1112
1482 7513478 781
1483 7514259 1043
1484 7515302 1833
1485 7517135 8498
1486 7525633 3456
1487 7529089 6340
1488 7535429 4815
1489 7540244 5611
1490 7545855 1707
1491 7547562 5361
1492 7552923 1692
1493 7554615 1699
1494 7556314 6785
1495 7563099 2785
1496 7565884 1497
1497 7567381 2067
1498 7569448 2575
1499 7572023 2578
1500 7574601 3775
1501 7578376 5665
1502 7584041 2549
1503 7586590 8567
1504 7595157 7402
1505 7602559 2416
1506 7604975 1460
1507 7606435 1640
1508 7608075 2673
1509 7610748 2581
1510 7613329 2252
1511 7615581 3063
1512 7618644 2069
1513 7620713 2987
1514 7623700 6955
1515 7630655 6361
1516 7637016 6869
1517 7643885 6754
1518 7650639 3944
1519 7654583 8113
1520 7662696 7786
1521 7670482 3116
1522 7673598 1799
1523 7675397 2977
1524 7678374 1615
1525 7679989 3025
1526 7683014 3436
1527 7686450 1854
1528 7688304 1527
1529 7689831 4771
1530 7694602 1744
1531 7696346 1518
1532 7697864 2464
1533 7700328 3615
1534 7703943 2063
1535 7706006 1458
1536 7707464 2811
1537 7710275 7817
1538 7718092 3332
1539 7721424 3619
1540 7725043 8874
1541 7733917 3733
1542 7737650 2824
1543 7740474 2201
1544 7742675 3567
1545 7746242 3494
1546 7749736 2064
1547 7751800 1599
1548 7753399 1793
1549 7755192 6359
1550 7761551 3198
1551 7764749 2234
1552 7766983 1859
1553 7768842 3415
1554 7772257 5491
1555 7777748 2004
1556 7779752 4149
1557 7783901 2713
1558 7786614 3756
1559 7790370 1739
1560 7792109 1536
1561 7793645 1539
1562 7795184 1617
1563 7796801 3647
1564 7800448 2732
1565 7803180 3959
1566 7807139 2378
1567 7809517 2392
1568 7811909 2586
1569 7814495 2369
1570 7816864 2531
1571 7819395 23232
1572 7842627 3205
1573 7845832 3607
1574 7849439 6315
1575 7855754 3084
1576 7858838 3292
1577 7862130 3405
1578 7865535 5232
1579 7870767 1607
1580 7872374 2584
1581 7874958 3414
1582 7878372 2445
1583 7880817 1073
1584 7881890 2356
1585 7884246 5076
1586 7889322 4220
1587 7893542 3011
1588 7896553 3770
1589 7900323 2632
1590 7902955 5413
1591 7908368 2520
1592 7910888 3776
1593 7914664 1092
1594 7915756 5259
1595 7921015 1429
1596 7922444 1207
1597 7923651 2037
1598 7925688 7436
1599 7933124 3322
1600 7936446 2530
1601 7938976 415
1602 7939391 425
1603 7939816 441
1604 7940257 485
1605 7940742 455
1606 7941197 463
1607 7941660 487
1608 7942147 523
1609 7942670 471
1610 7943141 501
1611 7943642 477
1612 7944119 469
1613 7944588 485
1614 7945073 453
1615 7945526 521
1666 7946047 1949
1667 7947996 1555
1668 7949551 2554
1669 7952105 2001
1670 7954106 3746
1671 7957852 936
1672 7958788 1201
1673 7959989 1920
1674 7961909 1426
1675 7963335 3805
1676 7967140 5712
1677 7972852 2234
1678 7975086 2896
1679 7977982 1498
1680 7979480 5744
1681 7985224 2652
1682 7987876 1281
1683 7989157 1259
1684 7990416 1328
1685 7991744 7949
1686 7999693 1700
1687 8001393 2824
1688 8004217 1236
1689 8005453 1406
1690 8006859 5118
1691 8011977 3035
1692 8015012 1290
1693 8016302 2782
1694 8019084 1437
1695 8020521 917
1696 8021438 2769
1697 8024207 1488
1698 8025695 901
1699 8026596 2994
1700 8029590 1192
1701 8030782 8767
1702 8039549 2596
1703 8042145 1618
1704 8043763 2228
1705 8045991 1984
1706 8047975 6241
1707 8054216 2072
1708 8056288 1560
1709 8057848 3141
1710 8060989 4053
1711 8065042 2677
1712 8067719 2870
1713 8070589 1030
1714 8071619 1412
1715 8073031 5499
1716 8078530 1640
1717 8080170 3612
1718 8083782 2074
1719 8085856 5802
1720 8091658 6774
1721 8098432 1202
1722 8099634 1513
1723 8101147 350
1724 8101497 2192
1726 8103689 2939
1727 8106628 1213
1728 8107841 1953
1729 8109794 909
1730 8110703 1861
1731 8112564 2960
1732 8115524 6879
1733 8122403 2654
1734 8125057 1556
1735 8126613 1761
1736 8128374 1698
1737 8130072 953
1738 8131025 8952
1739 8139977 5603
1740 8145580 5661
1741 8151241 5478
1742 8156719 6735
1743 8163454 2066
1744 8165520 19449
1745 8184969 7673
1746 8192642 1812
1747 8194454 1230
1748 8195684 3028
1749 8198712 1850
1750 8200562 2685
1751 8203247 4161
1752 8207408 1405
1753 8208813 587
1754 8209400 6564
1755 8215964 2408
1756 8218372 1821
1757 8220193 3339
1758 8223532 1881
1759 8225413 13751
1760 8239164 534
1761 8239698 1626
1762 8241324 3023
1763 8244347 2360
1764 8246707 2812
1765 8249519 18366
1766 8267885 757
1767 8268642 3225
1768 8271867 762
1770 8272629 6354
1771 8278983 5732
1772 8284715 10731
1773 8295446 3788
1774 8299234 1543
1775 8300777 2120
1777 8302897 4307
1778 8307204 6380
1779 8313584 3019
1780 8316603 6093
1781 8322696 6074
1782 8328770 1688
1783 8330458 6461
1784 8336919 3252
1785 8340171 6705
1786 8346876 9029
1787 8355905 1396
1788 8357301 2905
1789 8360206 1740
1790 8361946 3334
1791 8365280 5972
1792 8371252 6740
1793 8377992 6250
1794 8384242 6342
1795 8390584 9695
1796 8400279 9724
1797 8410003 1152
1798 8411155 703
1799 8411858 1142
1800 8413000 3792
1801 8416792 652
1802 8417444 5522
1803 8422966 1375
1804 8424341 2776
1805 8427117 2313
1806 8429430 5457
1807 8434887 12213
1808 8447100 2586
1809 8449686 25931
1810 8475617 3706
1811 8479323 4019
1812 8483342 12426
1813 8495768 4355
1814 8500123 3887
1815 8504010 14647
1816 8518657 12269
1817 8530926 3671
1818 8534597 1584
1819 8536181 9080
1820 8545261 1769
1821 8547030 702
1822 8547732 3215
1823 8550947 2834
1824 8553781 5791
1825 8559572 9614
1826 8569186 4039
1827 8573225 1094
1828 8574319 1757
1829 8576076 5484
1830 8581560 4593
1831 8586153 4533
1832 8590686 4390
1833 8595076 1848
1834 8596924 4366
1835 8601290 3659
1836 8604949 6148
1837 8611097 4187
1838 8615284 1101
1839 8616385 730
1840 8617115 8840
1841 8625955 3932
1842 8629887 6967
1843 8636854 1496
1844 8638350 2474
1845 8640824 1083
1846 8641907 1009
1847 8642916 1000
1848 8643916 5323
1849 8649239 10983
1850 8660222 743
1851 8660965 662
1852 8661627 4014
1853 8665641 10086
1855 8675727 3106
1856 8678833 794
1857 8679627 547
1858 8680174 617
1859 8680791 984
1860 8681775 716
1861 8682491 1749
1862 8684240 12259
1863 8696499 4323
1864 8700822 11188
1865 8712010 3607
1866 8715617 9654
1867 8725271 2021
1868 8727292 1855
1869 8729147 2647
1870 8731794 3189
1871 8734983 9522
1872 8744505 3464
1873 8747969 8380
1874 8756349 2139
1875 8758488 1728
1876 8760216 1055
1877 8761271 1456
1878 8762727 1057
1879 8763784 1370
1880 8765154 5362
1881 8770516 4994
1882 8775510 2153
1883 8777663 1740
1884 8779403 4018
1885 8783421 2321
1886 8785742 2258
1889 8788000 1476
1890 8789476 4281
1891 8793757 1265
1892 8795022 1233
1893 8796255 1410
1894 8797665 1687
1895 8799352 5185
1896 8804537 2524
1898 8807061 3177
1899 8810238 10926
1905 8821164 7033
1906 8828197 1865
1907 8830062 7291
1908 8837353 3333
1909 8840686 1920
1910 8842606 12888
1911 8855494 5252
1912 8860746 4677
1913 8865423 1376
1914 8866799 2474
1915 8869273 2321
1916 8871594 2153
1917 8873747 3606
1918 8877353 1380
1919 8878733 11045
1920 8889778 1169
1921 8890947 671
1922 8891618 4759
1924 8896377 1294
1925 8897671 901
1926 8898572 7412
1927 8905984 3115
1928 8909099 1894
1929 8910993 2877
1930 8913870 970
1931 8914840 1320
1932 8916160 1355
1933 8917515 527
1936 8918042 4957
1937 8922999 3244
1938 8926243 2210
1939 8928453 859
1940 8929312 785
1941 8930097 1244
1942 8931341 5684
1943 8937025 1590
1944 8938615 767
1945 8939382 1684
1946 8941066 12978
1947 8954044 553
1948 8954597 1841
1949 8956438 2471
1950 8958909 2322
1951 8961231 2687
1952 8963918 1649
1953 8965567 621
1954 8966188 2160
1955 8968348 2196
1956 8970544 2200
1957 8972744 2323
1958 8975067 2135
1959 8977202 481
1960 8977683 2428
1961 8980111 1233
1962 8981344 3101
1963 8984445 1559
1964 8986004 706
1965 8986710 1044
1966 8987754 1584
1967 8989338 3078
1968 8992416 1113
1969 8993529 584
1970 8994113 1564
1971 8995677 1641
1972 8997318 1555
1973 8998873 8821
1974 9007694 7766
1975 9015460 4424
1976 9019884 2927
1977 9022811 598
1978 9023409 7686
1979 9031095 4050
1980 9035145 12461
1981 9047606 4883
1982 9052489 2530
1983 9055019 3906
1984 9058925 15856
1985 9074781 6298
1986 9081079 2627
1987 9083706 300
1988 9084006 2356
1989 9086362 3863
1990 9090225 2801
1991 9093026 13550
1992 9106576 7921
1993 9114497 1916
1994 9116413 2787
1995 9119200 1938
1996 9121138 1856
1997 9122994 3448
1998 9126442 2223
1999 9128665 3065
2000 9131730 1998
2001 9133728 1836
2002 9135564 2198
2003 9137762 2914
2004 9140676 2840
2005 9143516 1937
2010 9145453 2611
2011 9148064 3328
2012 9151392 2175
2013 9153567 1918
2014 9155485 1781
2015 9157266 2093
2016 9159359 4509
2017 9163868 3905
2018 9167773 3807
2019 9171580 3014
2020 9174594 2459
2021 9177053 2574
2022 9179627 2339
2023 9181966 2380
2025 9184346 315
2026 9184661 5872
2029 9190533 9943
2030 9200476 2797
2031 9203273 931
2032 9204204 4431
2033 9208635 7179
2034 9215814 300
2035 9216114 3206
2036 9219320 2679
2037 9221999 2386
2038 9224385 2605
2039 9226990 3576
2040 9230566 4361
2041 9234927 2618
2042 9237545 4999
2043 9242544 2757
2044 9245301 8217
2045 9253518 2760
2046 9256278 6277
2047 9262555 2454
2048 9265009 1227
2049 9266236 17824
2050 9284060 9881
2051 9293941 2968
2052 9296909 3251
2053 9300160 5895
2054 9306055 3490
2055 9309545 1949
2056 9311494 3087
2057 9314581 4502
2058 9319083 4383
2059 9323466 3727
2060 9327193 2999
2061 9330192 24547
2062 9354739 11304
2063 9366043 16296
2064 9382339 30705
2065 9413044 3787
2066 9416831 1475
2067 9418306 3260
2068 9421566 1199
2069 9422765 1775
2070 9424540 4516
2071 9429056 1072
2072 9430128 4219
2073 9434347 1822
2074 9436169 2144
2076 9438313 4954
2077 9443267 2580
2078 9445847 2598
2079 9448445 358
2080 9448803 1524
2081 9450327 1497
2082 9451824 2186
2083 9454010 1490
2084 9455500 1078
2085 9456578 2664
2086 9459242 1006
2087 9460248 326
2088 9460574 4574
2089 9465148 1281
2090 9466429 890
2091 9467319 3915
2092 9471234 1337
2093 9472571 3125
2094 9475696 2620
2095 9478316 533
2096 9478849 1286
2097 9480135 1235
2098 9481370 2495
2099 9483865 1194
2101 9485059 587
2102 9485646 1332
2103 9486978 7412
2104 9494390 3865
2107 9498255 7006
2109 9505261 1645
2110 9506906 1567
2111 9508473 2016
2112 9510489 1339
2113 9511828 503
2114 9512331 1352
2115 9513683 2294
2116 9515977 4489
2117 9520466 1535
2118 9522001 11555
2119 9533556 2050
2120 9535606 813
2121 9536419 915
2122 9537334 1056
2123 9538390 1821
2124 9540211 712
2125 9540923 11568
2126 9552491 1779
2127 9554270 2961
2128 9557231 3742
2129 9560973 946
2130 9561919 2206
2131 9564125 1225
2132 9565350 4759
2133 9570109 307
2134 9570416 7052
2135 9577468 1039
2136 9578507 1778
2137 9580285 2563
2138 9582848 1481
2139 9584329 1242
2144 9585571 1637
2145 9587208 2992
2146 9590200 1304
2151 9591504 6443
2152 9597947 2688
2153 9600635 440
2154 9601075 4239
2155 9605314 517
2156 9605831 1483
2157 9607314 2122
2158 9609436 2792
2159 9612228 3172
2160 9615400 1372
2161 9616772 1530
2162 9618302 1132
2163 9619434 1447
2164 9620881 2346
2165 9623227 587
2166 9623814 3223
2168 9627037 4221
2169 9631258 3602
2171 9634860 3049
2172 9637909 4817
2173 9642726 4100
2174 9646826 2618
2175 9649444 2721
2176 9652165 3567
2177 9655732 3465
2178 9659197 19792
2179 9678989 3995
2180 9682984 1249
2183 9684233 5344
2184 9689577 4316
2185 9693893 3790
2186 9697683 4356
2187 9702039 3065
2189 9705104 4300
2190 9709404 3732
2191 9713136 3156
2192 9716292 3993
2193 9720285 4155
2194 9724440 3539
2195 9727979 3639
2196 9731618 3801
2197 9735419 4000
2198 9739419 3467
2199 9742886 4306
2200 9747192 10501
2201 9757693 3759
2202 9761452 4715
2203 9766167 3487
2204 9769654 4005
2205 9773659 4766
2206 9778425 4169
2207 9782594 3947
2208 9786541 3474
2209 9790015 2829
2210 9792844 3086
2211 9795930 3128
2212 9799058 4057
2213 9803115 3263
2214 9806378 19352
2215 9825730 4350
2216 9830080 3403
2217 9833483 1549
2218 9835032 3449
2219 9838481 3511
2220 9841992 19537
2221 9861529 4669
2222 9866198 1506
2223 9867704 3409
2224 9871113 4832
2225 9875945 4136
2226 9880081 3338
2227 9883419 1222
2228 9884641 3449
2229 9888090 5429
2230 9893519 3771
2231 9897290 5061
2232 9902351 3155
2233 9905506 3285
2234 9908791 3634
2235 9912425 3726
2236 9916151 3476
2237 9919627 2732
2238 9922359 3228
2239 9925587 3642
2240 9929229 3191
2241 9932420 3546
2242 9935966 18935
2243 9954901 4500
2244 9959401 3771
2245 9963172 3611
2246 9966783 1590
2247 9968373 4325
2248 9972698 1234
2249 9973932 928
2250 9974860 2944
2251 9977804 4067
2252 9981871 3521
2253 9985392 2844
2254 9988236 3524
2255 9991760 2608
2256 9994368 1105
2257 9995473 4218
2258 9999691 19798
2259 10019489 3823
2260 10023312 4818
2261 10028130 3325
2262 10031455 4793
2263 10036248 3311
2265 10039559 3643
2266 10043202 4993
2267 10048195 6538
2273 10054733 8643
2274 10063376 4034
2275 10067410 7530
2276 10074940 38434
2277 10113374 5438
2278 10118812 17870
2279 10136682 5289
2280 10141971 2767
2281 10144738 10539
2282 10155277 3781
2283 10159058 4726
2284 10163784 5406
2285 10169190 4824
2286 10174014 5244
2287 10179258 6724
2288 10185982 6483
2289 10192465 4677
2290 10197142 4148
2291 10201290 8951
2292 10210241 8403
2293 10218644 5481
2294 10224125 4270
2295 10228395 7442
2296 10235837 7903
2297 10243740 5646
2298 10249386 5356
2299 10254742 4463
2300 10259205 4958
2308 10264163 6331
2311 10270494 3473
2315 10273967 11914
2316 10285881 4242
2317 10290123 8217
2318 10298340 7861
2319 10306201 8001
2320 10314202 7308
2321 10321510 1627
2322 10323137 5250
2323 10328387 16447
2324 10344834 4606
2325 10349440 9447
2326 10358887 5307
2331 10364194 5547
2335 10369741 3913
2338 10373654 18429
2340 10392083 5362
2341 10397445 3397
2342 10400842 11473
2343 10412315 7875
2347 10420190 2125
2348 10422315 2845
2349 10425160 3658
2351 10428818 19775
2353 10448593 4296
2354 10452889 3520
2355 10456409 12563
2356 10468972 6783
2357 10475755 25785
2358 10501540 11226
2359 10512766 7093
2361 10519859 5946
2362 10525805 6350
2363 10532155 23589
2366 10555744 5099
2367 10560843 9790
2368 10570633 1651
2369 10572284 740
2370 10573024 725
2371 10573749 2919
2372 10576668 1869
2373 10578537 2310
2374 10580847 3175
2375 10584022 2891
2376 10586913 2954
2377 10589867 3006
2378 10592873 2424
2379 10595297 2467
2380 10597764 2536
2381 10600300 852
2382 10601152 1594
2383 10602746 5828
2384 10608574 2564
2385 10611138 1286
2386 10612424 2043
2387 10614467 1578
2388 10616045 2890
2389 10618935 5801
2390 10624736 1181
2391 10625917 2820
2392 10628737 1830
2393 10630567 1223
2394 10631790 1107
2395 10632897 1764
2396 10634661 5978
2397 10640639 1800
2398 10642439 3426
2399 10645865 1581
2400 10647446 611
2401 10648057 2702
2402 10650759 885
2403 10651644 5753
2404 10657397 5203
2405 10662600 1599
2406 10664199 750
2407 10664949 779
2408 10665728 2483
2409 10668211 5798
2410 10674009 3731
2411 10677740 3701
2412 10681441 3659
2415 10685100 3836
2422 10688936 3782
2423 10692718 3800
2425 10696518 3837
2427 10700355 621
2428 10700976 5812
2429 10706788 683
2430 10707471 2803
2431 10710274 2854
2432 10713128 1079
2433 10714207 1262
2434 10715469 7579
2435 10723048 1471
2436 10724519 2295
2437 10726814 2089
2438 10728903 1456
2439 10730359 970
2440 10731329 1701
2441 10733030 2621
2442 10735651 1908
2443 10737559 17039
2444 10754598 1545
2445 10756143 4846
2446 10760989 2107
2447 10763096 2818
2448 10765914 6272
2449 10772186 532
2450 10772718 4032
2451 10776750 2034
2452 10778784 1211
2453 10779995 4651
2454 10784646 852
2455 10785498 2116
2456 10787614 1894
2457 10789508 4175
2458 10793683 4688
2459 10798371 9218
2460 10807589 4129
2461 10811718 2705
2462 10814423 843
2463 10815266 808
2464 10816074 895
2465 10816969 1039
2466 10818008 4319
2467 10822327 5463
2468 10827790 3019
2469 10830809 2745
2470 10833554 3744
2471 10837298 2126
2472 10839424 4010
2473 10843434 13141
2474 10856575 2517
2475 10859092 1921
2476 10861013 3625
2477 10864638 3868
2478 10868506 3878
2479 10872384 1899
2480 10874283 5441
2481 10879724 6879
2482 10886603 2511
2483 10889114 4585
2484 10893699 6979
2485 10900678 1506
2486 10902184 2457
2487 10904641 2664
2488 10907305 799
2489 10908104 5364
2490 10913468 272
2491 10913740 841
2492 10914581 3580
2493 10918161 5875
2494 10924036 1241
2495 10925277 1388
2496 10926665 3690
2497 10930355 4586
2498 10934941 2390
2499 10937331 2206
2500 10939537 3780
2501 10943317 4034
2502 10947351 908
2503 10948259 2941
2504 10951200 1143
2505 10952343 1787
2506 10954130 2006
2507 10956136 3130
2508 10959266 7147
2509 10966413 8616
2510 10975029 3970
2511 10978999 4001
2512 10983000 4631
2513 10987631 3901
2514 10991532 4634
2516 10996166 4208
2517 11000374 2712
2518 11003086 1708
2519 11004794 1070
2520 11005864 4044
2521 11009908 3880
2522 11013788 2894
2523 11016682 1282
2524 11017964 3170
2525 11021134 7695
2526 11028829 19078
2527 11047907 2201
2528 11050108 3789
2529 11053897 1639
2530 11055536 4257
2531 11059793 5125
2532 11064918 8858
2533 11073776 3148
2534 11076924 13375
2535 11090299 3749
2537 11094048 6379
2538 11100427 8715
2539 11109142 5772
2540 11114914 2171
2541 11117085 4979
2542 11122064 1206
2543 11123270 3868
2544 11127138 6369
2545 11133507 1657
2546 11135164 3444
2547 11138608 2810
2548 11141418 6285
2549 11147703 5400
2550 11153103 1793
2551 11154896 6759
2552 11161655 3666
2553 11165321 10439
2554 11175760 6985
2555 11182745 4567
2556 11187312 3529
2557 11190841 6457
2558 11197298 9643
2559 11206941 1597
2560 11208538 2752
2561 11211290 2393
2562 11213683 4564
2563 11218247 8718
2564 11226965 1590
2565 11228555 4814
2566 11233369 5129
2567 11238498 7822
2569 11246320 11005
2570 11257325 1830
2571 11259155 7265
2572 11266420 3686
2573 11270106 7924
2574 11278030 476
2578 11278506 3877
2579 11282383 747
2580 11283130 869
2581 11283999 5670
2582 11289669 1482
2583 11291151 2136
2584 11293287 2616
2585 11295903 3664
2586 11299567 3268
2587 11302835 2078
2588 11304913 4824
2589 11309737 10140
2590 11319877 585
2591 11320462 3162
2592 11323624 3451
2594 11327075 3761
2595 11330836 6246
2596 11337082 9854
2597 11346936 2073
2598 11349009 1629
2599 11350638 3121
2601 11353759 3660
2602 11357419 1980
2603 11359399 4392
2604 11363791 1362
2605 11365153 9451
2606 11374604 4574
2607 11379178 2579
2608 11381757 3573
2609 11385330 1777
2610 11387107 1481
2611 11388588 1503
2612 11390091 4714
2613 11394805 2889
2614 11397694 8557
2615 11406251 7773
2616 11414024 5304
2617 11419328 3039
2618 11422367 7122
2619 11429489 1180
2620 11430669 2799
2621 11433468 2574
2622 11436042 1940
2623 11437982 2315
2624 11440297 522
2625 11440819 5867
2626 11446686 515
2627 11447201 2071
2628 11449272 6623
2629 11455895 5878
2630 11461773 2516
2631 11464289 3070
2632 11467359 8937
2633 11476296 3612
2635 11479908 3030
2636 11482938 8946
2637 11491884 4036
2638 11495920 3383
2639 11499303 3634
2640 11502937 1451
2641 11504388 4472
2642 11508860 1018
2643 11509878 1772
2644 11511650 5592
2645 11517242 2091
2646 11519333 1792
2647 11521125 15850
2648 11536975 5929
2649 11542904 2250
2650 11545154 2614
2651 11547768 5399
2652 11553167 3918
2653 11557085 13767
2654 11570852 3822
2655 11574674 1833
2656 11576507 3623
2657 11580130 6590
2658 11586720 2945
2659 11589665 555
2660 11590220 4686
2661 11594906 4552
2662 11599458 2706
2663 11602164 4733
2664 11606897 2154
2665 11609051 736
2666 11609787 6356
2667 11616143 3578
2668 11619721 6861
2669 11626582 10183
2670 11636765 2179
2671 11638944 3676
2672 11642620 2337
2673 11644957 3709
2674 11648666 2942
2675 11651608 3775
2676 11655383 1623
2677 11657006 10140
2678 11667146 2145
2679 11669291 4988
2680 11674279 2421
2681 11676700 1515
2682 11678215 7959
2683 11686174 6796
2684 11692970 4448
2685 11697418 9619
2686 11707037 6414
2687 11713451 5739
2688 11719190 2879
2689 11722069 5678
2690 11727747 10446
2691 11738193 4317
2692 11742510 6167
2693 11748677 4641
2694 11753318 2278
2695 11755596 3433
2696 11759029 8908
2697 11767937 1809
2698 11769746 5744
2699 11775490 4051
2700 11779541 4056
2701 11783597 2614
2702 11786211 358
2703 11786569 1859
2704 11788428 7406
2705 11795834 4452
2706 11800286 2432
2707 11802718 1746
2708 11804464 3090
2709 11807554 3529
2710 11811083 2795
2711 11813878 5242
2712 11819120 1179
2713 11820299 1165
2714 11821464 3117
2715 11824581 7624
2716 11832205 7657
2717 11839862 1192
2718 11841054 6027
2719 11847081 1695
2720 11848776 2332
2721 11851108 4841
2722 11855949 1726
2723 11857675 3360
2724 11861035 1930
2725 11862965 1174
2726 11864139 2644
2727 11866783 673
2728 11867456 2803
2729 11870259 5213
2731 11875472 1659
2732 11877131 2837
2733 11879968 4159
2734 11884127 1254
2735 11885381 1114
2736 11886495 1621
2737 11888116 1185
2738 11889301 1665
2739 11890966 821
2740 11891787 868
2741 11892655 3830
2742 11896485 833
2743 11897318 3117
2744 11900435 7848
2745 11908283 2550
2746 11910833 1509
2747 11912342 3164
2748 11915506 1161
2749 11916667 2702
2750 11919369 2354
2751 11921723 1349
2752 11923072 1032
2753 11924104 3675
2754 11927779 3075
2755 11930854 1461
2756 11932315 8356
2757 11940671 1460
2758 11942131 2059
2759 11944190 959
2760 11945149 1669
2761 11946818 1628
2762 11948446 917
2763 11949363 2430
2764 11951793 9649
2765 11961442 3962
2766 11965404 1968
2767 11967372 3115
2768 11970487 2450
2769 11972937 7786
2770 11980723 2663
2771 11983386 2014
2772 11985400 6217
2773 11991617 4245
2774 11995862 4365
2775 12000227 3834
2776 12004061 6887
2777 12010948 3604
2778 12014552 3284
2779 12017836 4624
2780 12022460 5266
2781 12027726 4443
2782 12032169 3419
2783 12035588 4121
2784 12039709 1139
2785 12040848 7947
2786 12048795 4571
2787 12053366 4389
2788 12057755 4374
2789 12062129 4086
2790 12066215 5564
2791 12071779 7798
2792 12079577 2346
2793 12081923 2127
2794 12084050 2950
2795 12087000 2944
2796 12089944 4614
2797 12094558 5429
2798 12099987 3168
2799 12103155 4088
2800 12107243 5454
2801 12112697 4682
2802 12117379 5118
2803 12122497 2490
2804 12124987 2728
2805 12127715 2968
2806 12130683 8262
2807 12138945 1228
2808 12140173 770
2810 12140943 4148
2811 12145091 3344
2812 12148435 1544
2813 12149979 9949
2814 12159928 3068
2815 12162996 8755
2816 12171751 3933
2817 12175684 5245
2818 12180929 4932
2819 12185861 8584
2820 12194445 4797
2821 12199242 3920
2822 12203162 521
2823 12203683 4680
2824 12208363 4394
2825 12212757 3814
2826 12216571 5825
2827 12222396 7217
2828 12229613 6469
2829 12236082 2573
2830 12238655 3360
2831 12242015 967
2832 12242982 22911
2833 12265893 18581
2834 12284474 2583
2835 12287057 8477
2836 12295534 1646
2837 12297180 2394
2838 12299574 7136
2839 12306710 3339
2840 12310049 11008
2841 12321057 2875
2842 12323932 3511
2843 12327443 3222
2844 12330665 4836
2845 12335501 7265
2846 12342766 6903
2847 12349669 6192
2848 12355861 1074
2849 12356935 2785
2850 12359720 3446
2851 12363166 1046
2852 12364212 2431
2853 12366643 1553
2854 12368196 6344
2855 12374540 13625
2856 12388165 2097
2857 12390262 12953
2858 12403215 6470
2859 12409685 2878
2860 12412563 5032
2861 12417595 1963
2862 12419558 9045
2863 12428603 6564
2864 12435167 2480
2865 12437647 6422
2866 12444069 2692
2867 12446761 712
2868 12447473 5949
2869 12453422 3325
2870 12456747 8942
2871 12465689 4002
2872 12469691 2040
2873 12471731 3421
2874 12475152 7587
2875 12482739 2631
2876 12485370 2728
2877 12488098 9659
2878 12497757 19264
2879 12517021 3107
2880 12520128 2744
2881 12522872 5367
2882 12528239 2252
2883 12530491 4258
2884 12534749 6533
2885 12541282 961
2886 12542243 4880
2887 12547123 8207
2888 12555330 5346
2889 12560676 6677
2890 12567353 921
2891 12568274 3786
2892 12572060 2950
2893 12575010 3579
2894 12578589 2541
2895 12581130 3701
2896 12584831 4687
2897 12589518 9631
2898 12599149 9632
2899 12608781 11530
2900 12620311 2154
2901 12622465 4791
2902 12627256 3019
2903 12630275 1649
2904 12631924 5787
2905 12637711 2032
2906 12639743 1924
2907 12641667 8393
2908 12650060 8796
2909 12658856 2759
2910 12661615 4482
2911 12666097 3149
2912 12669246 1933
2913 12671179 10644
2914 12681823 6283
2915 12688106 4776
2916 12692882 5307
2917 12698189 1309
2918 12699498 1857
2919 12701355 3606
2921 12704961 3705
2922 12708666 2522
2923 12711188 7683
2924 12718871 7006
2925 12725877 6489
2926 12732366 8797
2927 12741163 3154
2928 12744317 2814
2929 12747131 1847
2930 12748978 7064
2931 12756042 3415
2932 12759457 2654
2933 12762111 1154
2934 12763265 11622
2935 12774887 10844
2936 12785731 9905
2937 12795636 6940
2938 12802576 8898
2939 12811474 2272
2940 12813746 505
2941 12814251 2772
2942 12817023 608
2944 12817631 4303
2945 12821934 2325
2946 12824259 9190
2947 12833449 6524
2948 12839973 1565
2949 12841538 7417
2950 12848955 2736
2951 12851691 7687
2952 12859378 4478
2953 12863856 2943
2954 12866799 6313
2955 12873112 9257
2956 12882369 2977
2957 12885346 4389
2958 12889735 3901
2959 12893636 1719
2960 12895355 6521
2961 12901876 5478
2962 12907354 5237
2963 12912591 8033
2964 12920624 1841
2965 12922465 2823
2966 12925288 3335
2967 12928623 3686
2968 12932309 6352
2969 12938661 1483
2970 12940144 2680
2971 12942824 2089
2972 12944913 3104
2973 12948017 1598
2974 12949615 8510
2975 12958125 3499
2976 12961624 3386
2977 12965010 1361
2978 12966371 7911
2979 12974282 8195
2980 12982477 8632
2981 12991109 5681
2982 12996790 7414
2983 13004204 7053
2985 13011257 1790
2986 13013047 6419
2987 13019466 9013
2988 13028479 3859
2990 13032338 2722
2991 13035060 2386
2992 13037446 3850
2993 13041296 4804
2994 13046100 4257
2995 13050357 3242
2996 13053599 7047
2997 13060646 8570
2998 13069216 8483
2999 13077699 2791
3000 13080490 610
3001 13081100 4184
3002 13085284 8130
3003 13093414 8331
3004 13101745 5402
3006 13107147 7592
3007 13114739 6630
3009 13121369 2893
3010 13124262 1053
3011 13125315 3047
3012 13128362 10582
3013 13138944 7557
3014 13146501 7610
3015 13154111 1022
3016 13155133 2956
3018 13158089 8021
3019 13166110 6935
3020 13173045 4049
3022 13177094 9573
3023 13186667 9624
3024 13196291 2699
3025 13198990 3787
3026 13202777 5684
3027 13208461 14776
3028 13223237 3038
3029 13226275 4449
3030 13230724 7885
3031 13238609 6492
3032 13245101 2500
3033 13247601 3859
3034 13251460 3794
3035 13255254 1840
3036 13257094 3379
3037 13260473 5047
3038 13265520 2221
3040 13267741 1344
3041 13269085 3988
3042 13273073 959
3043 13274032 3479
3044 13277511 3293
3045 13280804 3668
3046 13284472 3269
3047 13287741 2457
3048 13290198 967
3049 13291165 1242
3050 13292407 8059
3051 13300466 7005
3052 13307471 4476
3053 13311947 7290
3054 13319237 988
3055 13320225 3322
3056 13323547 9063
3057 13332610 2140
3058 13334750 6288
3059 13341038 6279
3060 13347317 1123
3061 13348440 811
3062 13349251 6757
3063 13356008 3574
3064 13359582 2673
3066 13362255 8479
3067 13370734 4216
3069 13374950 12849
3070 13387799 4560
3071 13392359 2363
3072 13394722 2419
3073 13397141 651
3074 13397792 1356
3075 13399148 10074
3076 13409222 21753
3077 13430975 863
3078 13431838 3505
3080 13435343 1414
3081 13436757 1059
3082 13437816 5733
3083 13443549 1204
3084 13444753 878
3085 13445631 10812
3086 13456443 1347
3087 13457790 17705
3088 13475495 9465
3089 13484960 2835
3091 13487795 1311
3092 13489106 4590
3093 13493696 5947
3094 13499643 1039
3095 13500682 809
3096 13501491 2293
3097 13503784 8139
3098 13511923 3246
3099 13515169 1821
3100 13516990 515
3101 13517505 1527
3102 13519032 2267
3104 13521299 5913
3105 13527212 1309
3106 13528521 3159
3107 13531680 1219
3108 13532899 1293
3109 13534192 1083
3110 13535275 5527
3111 13540802 909
3112 13541711 4355
3113 13546066 328
3114 13546394 8866
3115 13555260 3581
3116 13558841 1585
3117 13560426 1317
3118 13561743 6386
3119 13568129 4045
3120 13572174 1205
3121 13573379 2934
3122 13576313 2647
3123 13578960 1770
3124 13580730 4095
3125 13584825 12807
3126 13597632 1453
3127 13599085 4020
3128 13603105 3558
3129 13606663 1343
3130 13608006 1066
3131 13609072 3949
3132 13613021 6857
3134 13619878 1574
3135 13621452 1508
3136 13622960 1443
3137 13624403 2421
3138 13626824 2148
3139 13628972 1725
3140 13630697 1742
3141 13632439 1133
3142 13633572 1614
3143 13635186 783
3144 13635969 7011
3145 13642980 8118
3146 13651098 1455
3147 13652553 1061
3148 13653614 4657
3149 13658271 2400
3150 13660671 1143
3151 13661814 6424
3152 13668238 1760
3153 13669998 7541
3154 13677539 2155
3155 13679694 6366
3156 13686060 3981
3157 13690041 1369
3158 13691410 8321
3159 13699731 6882
3160 13706613 9517
3161 13716130 3630
3162 13719760 2213
3163 13721973 3367
3164 13725340 4716
3165 13730056 1669
3166 13731725 3750
3167 13735475 2424
3168 13737899 2049
3169 13739948 2519
3170 13742467 3445
3171 13745912 2471
3172 13748383 2526
3173 13750909 20221
3174 13771130 8406
3175 13779536 4379
3176 13783915 4483
3177 13788398 4152
3178 13792550 1530
3179 13794080 4494
3180 13798574 1360
3181 13799934 1178
3182 13801112 1476
3183 13802588 7418
3184 13810006 2188
3185 13812194 18035
3186 13830229 8888
3187 13839117 5685
3188 13844802 4033
3189 13848835 3570
3190 13852405 2062
3191 13854467 16370
3192 13870837 4469
3193 13875306 1162
3194 13876468 1936
3195 13878404 1362
3196 13879766 8161
3197 13887927 5181
3198 13893108 6853
3199 13899961 1926
3200 13901887 8214
3201 13910101 7571
3202 13917672 8515
3203 13926187 4987
3204 13931174 6754
3205 13937928 15101
3206 13953029 7527
3207 13960556 5091
3208 13965647 1367
3209 13967014 1562
3210 13968576 2150
3211 13970726 1344
3212 13972070 827
3213 13972897 6381
3214 13979278 2142
3215 13981420 8265
3216 13989685 4227
3217 13993912 1886
3218 13995798 5247
3219 14001045 5479
3220 14006524 9126
3221 14015650 4702
3222 14020352 9505
3223 14029857 3782
3224 14033639 1071
3225 14034710 1417
3227 14036127 9089
3228 14045216 306
3229 14045522 1738
3230 14047260 778
3231 14048038 1465
3232 14049503 12563
3233 14062066 8043
3234 14070109 4088
3235 14074197 5010
3236 14079207 4473
3237 14083680 8908
3238 14092588 2215
3239 14094803 5374
3240 14100177 2935
3241 14103112 3120
3242 14106232 1691
3243 14107923 8101
3244 14116024 3699
3245 14119723 14163
3246 14133886 3286
3247 14137172 3886
3248 14141058 4322
3249 14145380 11602
3250 14156982 927
3251 14157909 8007
3252 14165916 6275
3253 14172191 791
3254 14172982 5691
3255 14178673 15577
3256 14194250 919
3257 14195169 6074
3258 14201243 668
3259 14201911 5258
3260 14207169 8071
3261 14215240 1450
3262 14216690 4360
3263 14221050 710
3264 14221760 8922
3265 14230682 1363
3266 14232045 3752
3267 14235797 1635
3268 14237432 2697
3269 14240129 2678
3270 14242807 510
3271 14243317 4146
3272 14247463 6068
3273 14253531 1734
3274 14255265 3589
3275 14258854 2451
3277 14261305 5776
3279 14267081 4935
3280 14272016 903
3281 14272919 1269
3282 14274188 2029
3283 14276217 4061
3284 14280278 3490
3285 14283768 596
3286 14284364 4055
3287 14288419 2900
3288 14291319 2849
3289 14294168 3501
3290 14297669 5596
3291 14303265 4619
3292 14307884 5090
3293 14312974 2703
3294 14315677 9164
3295 14324841 9402
3296 14334243 5544
3297 14339787 2019
3298 14341806 7351
3302 14349157 2604
3303 14351761 8350
3304 14360111 1304
3305 14361415 1880
3306 14363295 3084
3307 14366379 4556
3308 14370935 2021
3309 14372956 1197
3310 14374153 1217
3311 14375370 5285
3312 14380655 2779
3313 14383434 4012
3314 14387446 1134
3315 14388580 2020
3317 14390600 1335
3318 14391935 2890
3319 14394825 1582
3322 14396407 735
3323 14397142 530
3324 14397672 859
3325 14398531 670
3326 14399201 531
3327 14399732 569
3328 14400301 1339
3329 14401640 3522
3330 14405162 3731
3331 14408893 510
3332 14409403 2083
3333 14411486 1336
3334 14412822 3394
3336 14416216 3266
3337 14419482 5322
3338 14424804 3008
3339 14427812 3809
3340 14431621 3288
3341 14434909 3037
3343 14437946 1921
3344 14439867 3196
3347 14443063 1940
3353 14445003 10073
3355 14455076 3822
3356 14458898 3446
3357 14462344 4216
3358 14466560 1515
3359 14468075 1456
3360 14469531 2351
3361 14471882 1948
3362 14473830 3100
3363 14476930 2759
3365 14479689 2386
3366 14482075 7397
3367 14489472 1290
3368 14490762 1068
3369 14491830 9070
3370 14500900 11247
3371 14512147 9220
3372 14521367 15987
3373 14537354 8710
3374 14546064 8402
3375 14554466 7319
3376 14561785 11278
3377 14573063 19497
3378 14592560 13547
3379 14606107 5475
3380 14611582 483
3381 14612065 817
3382 14612882 3187
3383 14616069 7333
3384 14623402 530
3385 14623932 1528
3386 14625460 3450
3387 14628910 2088
3388 14630998 9154
3389 14640152 8014
3390 14648166 8557
3391 14656723 4682
3392 14661405 2680
3393 14664085 4074
3395 14668159 7137
3396 14675296 3398
3397 14678694 2825
3398 14681519 664
3399 14682183 1043
3400 14683226 1631
3401 14684857 6669
3402 14691526 1339
3403 14692865 11436
3404 14704301 6339
3405 14710640 4424
3406 14715064 25797
3407 14740861 3741
3408 14744602 5134
3409 14749736 8397
3410 14758133 9764
3411 14767897 4624
3413 14772521 9590
3414 14782111 12838
3415 14794949 4683
3416 14799632 10945
3417 14810577 6265
3418 14816842 5102
3419 14821944 1748
3420 14823692 3807
3421 14827499 4758
3422 14832257 3701
3423 14835958 10709
3424 14846667 9907
3425 14856574 6841
3426 14863415 6102
3427 14869517 6580
3428 14876097 5798
3429 14881895 4091
3430 14885986 3900
3431 14889886 3496
3432 14893382 3835
3433 14897217 3325
3434 14900542 12269
3435 14912811 12836
3436 14925647 4222
3437 14929869 2854
3438 14932723 5565
3439 14938288 15899
3440 14954187 4286
3441 14958473 710
3442 14959183 1195
3443 14960378 4403
3444 14964781 4377
3445 14969158 2082
3446 14971240 13031
3448 14984271 8827
3449 14993098 7740
3450 15000838 10691
3452 15011529 6998
3453 15018527 8941
3454 15027468 2335
3455 15029803 8157
3456 15037960 8289
3457 15046249 3890
3458 15050139 5750
3460 15055889 2540
3461 15058429 13737
3462 15072166 4680
3463 15076846 522
3464 15077368 1526
3465 15078894 3081
3466 15081975 3134
3467 15085109 5167
3468 15090276 5558
3469 15095834 4692
3470 15100526 5529
3471 15106055 1871
3472 15107926 3857
3473 15111783 6073
3474 15117856 2456
3475 15120312 4428
3476 15124740 965
3477 15125705 782
3478 15126487 4166
3479 15130653 2663
3480 15133316 2952
3481 15136268 1246
3482 15137514 1939
3483 15139453 2312
3484 15141765 2724
3485 15144489 2298
3486 15146787 1285
3487 15148072 4693
3488 15152765 4574
3489 15157339 3571
3490 15160910 3124
3491 15164034 4098
3492 15168132 4497
3493 15172629 2767
3494 15175396 3815
3495 15179211 2302
3496 15181513 1727
3497 15183240 2291
3498 15185531 20480
3499 15206011 3304
3500 15209315 4070
3501 15213385 1911
3502 15215296 8720
3503 15224016 2670
3504 15226686 5309
3505 15231995 5341
3506 15237336 3681
3507 15241017 4162
3508 15245179 5924
3509 15251103 3021
3510 15254124 5454
3511 15259578 1730
3512 15261308 2613
3513 15263921 5024
3514 15268945 4781
3515 15273726 3304
3516 15277030 5412
3517 15282442 5483
3518 15287925 4264
3519 15292189 2530
3520 15294719 4398
3521 15299117 7392
3523 15306509 4717
3525 15311226 894
3526 15312120 785
3527 15312905 2226
3528 15315131 1771
3529 15316902 923
3530 15317825 1831
3531 15319656 12129
3532 15331785 4427
3535 15336212 9973
3536 15346185 1108
3538 15347293 3372
3539 15350665 1394
3540 15352059 3508
3542 15355567 4652
3543 15360219 5533
3547 15365752 2571
3557 15368323 3305
3558 15371628 1873
3559 15373501 3268
3560 15376769 5104
3561 15381873 2117
3562 15383990 5823
3563 15389813 2293
3564 15392106 4208
3565 15396314 4909
3566 15401223 468
3567 15401691 3159
3568 15404850 2107
3569 15406957 10190
3570 15417147 1123
3571 15418270 1339
3572 15419609 5166
3574 15424775 6651
3575 15431426 7822
3576 15439248 1414
3577 15440662 1768
3578 15442430 2242
3579 15444672 3404
3580 15448076 1882
3581 15449958 2098
3582 15452056 6045
3583 15458101 2072
3584 15460173 1453
3585 15461626 1103
3586 15462729 3174
3587 15465903 6305
3588 15472208 1956
3589 15474164 2388
3590 15476552 2605
3591 15479157 2609
3592 15481766 3599
3593 15485365 1373
3594 15486738 8492
3595 15495230 3906
3597 15499136 10406
3599 15509542 7181
3601 15516723 3356
3602 15520079 6492
3603 15526571 4369
3604 15530940 4658
3605 15535598 2990
3606 15538588 1305
3607 15539893 3064
3608 15542957 1953
3609 15544910 1666
3610 15546576 1712
3611 15548288 3344
3612 15551632 2061
3613 15553693 2126
3614 15555819 980
3615 15556799 1890
3616 15558689 3954
3617 15562643 2189
3618 15564832 5389
3619 15570221 1741
3620 15571962 1887
3621 15573849 2541
3622 15576390 2191
3623 15578581 2376
3624 15580957 2183
3625 15583140 1790
3626 15584930 2380
3628 15587310 4951
3630 15592261 13672
3632 15605933 973
3633 15606906 14502
3634 15621408 1851
3635 15623259 1584
3636 15624843 1068
3637 15625911 1478
3638 15627389 1755
3639 15629144 6075
3640 15635219 2979
3641 15638198 3075
3642 15641273 2383
3643 15643656 1951
3644 15645607 2841
3645 15648448 5400
3646 15653848 15377
3647 15669225 7236
3648 15676461 3352
3649 15679813 3231
3650 15683044 2537
3651 15685581 2945
3652 15688526 1339
3653 15689865 2294
3654 15692159 5270
3655 15697429 1608
3656 15699037 1293
3658 15700330 1981
3659 15702311 2061
3660 15704372 2600
3662 15706972 1492
3663 15708464 1486
3664 15709950 1391
3665 15711341 2487
3666 15713828 2676
3667 15716504 2744
3668 15719248 1916
3669 15721164 2435
3670 15723599 7161
3671 15730760 1553
3672 15732313 1138
3673 15733451 1138
3674 15734589 1136
3682 15735725 1119
3683 15736844 8079
3684 15744923 5545
3685 15750468 1319
3686 15751787 2003
3687 15753790 4754
3688 15758544 6784
3689 15765328 8185
3690 15773513 3915
3692 15777428 1243
3693 15778671 8855
3694 15787526 6015
3695 15793541 2059
3696 15795600 4454
3697 15800054 1941
3698 15801995 9291
3699 15811286 2399
3700 15813685 1267
3701 15814952 2920
3702 15817872 2154
3703 15820026 3011
3705 15823037 3767
3706 15826804 2593
3707 15829397 1511
3708 15830908 3406
3709 15834314 1653
3710 15835967 6371
3711 15842338 2465
3712 15844803 2152
3713 15846955 5071
3714 15852026 8567
3715 15860593 5189
3718 15865782 1450
3719 15867232 2465
3720 15869697 2361
3721 15872058 1819
3722 15873877 3502
3723 15877379 2419
3724 15879798 3926
3726 15883724 436
3728 15884160 9603
3729 15893763 2461
3730 15896224 2083
3731 15898307 2431
3732 15900738 2655
3734 15903393 7997
3735 15911390 5229
3736 15916619 5947
3737 15922566 4559
3738 15927125 2495
3739 15929620 2483
3740 15932103 7414
3747 15939517 1777
3748 15941294 1920
3749 15943214 630
3750 15943844 477
3751 15944321 600
3752 15944921 2572
3753 15947493 2514
3754 15950007 1917
3755 15951924 5769
3756 15957693 2032
3757 15959725 3820
3760 15963545 2383
3761 15965928 1573
3762 15967501 3008
3763 15970509 1775
3764 15972284 8306
3765 15980590 1695
3766 15982285 1297
3767 15983582 5519
3768 15989101 1242
3769 15990343 1958
3770 15992301 2666
3771 15994967 2422
3772 15997389 1218
3773 15998607 1141
3774 15999748 6822
3775 16006570 3171
3776 16009741 2598
3777 16012339 5246
3778 16017585 1919
3779 16019504 2574
3780 16022078 4779
3781 16026857 4732
3782 16031589 4491
3783 16036080 3086
3784 16039166 7699
3785 16046865 5817
3786 16052682 3533
3787 16056215 3348
3788 16059563 2370
3789 16061933 3499
3790 16065432 2179
3791 16067611 2044
3792 16069655 9193
3793 16078848 5414
3794 16084262 7512
3795 16091774 5440
3796 16097214 4864
3797 16102078 8266
3798 16110344 11951
3799 16122295 6337
3800 16128632 1438
3801 16130070 1863
3802 16131933 981
3803 16132914 5305
3804 16138219 2958
3805 16141177 676
3806 16141853 4196
3807 16146049 821
3808 16146870 3154
3809 16150024 739
3810 16150763 926
3811 16151689 4234
3812 16155923 3676
3813 16159599 1281
3814 16160880 1813
3815 16162693 1154
3816 16163847 1642
3817 16165489 884
3818 16166373 2504
3819 16168877 4390
3820 16173267 4688
3821 16177955 1116
3822 16179071 2248
3823 16181319 962
3824 16182281 1978
3825 16184259 899
3826 16185158 1199
3827 16186357 1489
3828 16187846 560
3829 16188406 3971
3830 16192377 1454
3831 16193831 4817
3832 16198648 2488
3833 16201136 2072
3834 16203208 2494
3835 16205702 2245
3836 16207947 3490
3837 16211437 1678
3838 16213115 1128
3839 16214243 2612
3840 16216855 2031
3841 16218886 1901
3842 16220787 4296
3843 16225083 14602
3844 16239685 2128
3845 16241813 6591
3846 16248404 13734
3847 16262138 9065
3848 16271203 3709
3849 16274912 4610
3850 16279522 3643
3851 16283165 5675
3852 16288840 1694
3854 16290534 3990
3855 16294524 1895
3856 16296419 9767
3857 16306186 6490
3858 16312676 2456
3859 16315132 4532
3860 16319664 7554
3861 16327218 2089
3862 16329307 3708
3863 16333015 4316
3864 16337331 1089
3865 16338420 2217
3866 16340637 2810
3867 16343447 2699
3868 16346146 1243
3869 16347389 1099
3870 16348488 854
3871 16349342 974
3872 16350316 989
3873 16351305 2353
3874 16353658 1737
3875 16355395 1146
3876 16356541 896
3877 16357437 1127
3878 16358564 1351
3879 16359915 992
3880 16360907 1943
3881 16362850 2619
3882 16365469 1269
3883 16366738 2736
3884 16369474 2812
3885 16372286 2993
3886 16375279 1056
3887 16376335 3609
3888 16379944 2539
3889 16382483 4290
3890 16386773 3326
3891 16390099 5877
3892 16395976 3295
3893 16399271 916
3894 16400187 2323
3895 16402510 4623
3897 16407133 790
3898 16407923 5801
3899 16413724 1230
3900 16414954 6011
3901 16420965 870
3902 16421835 1614
3903 16423449 869
3904 16424318 3270
3905 16427588 6413
3906 16434001 822
3907 16434823 3416
3908 16438239 4021
3909 16442260 1243
3910 16443503 1077
3911 16444580 1798
3912 16446378 1531
3913 16447909 2493
3914 16450402 2492
3915 16452894 1744
3916 16454638 1375
3917 16456013 2906
3918 16458919 2433
3919 16461352 1564
3920 16462916 1857
3921 16464773 1077
3922 16465850 947
3923 16466797 3360
3924 16470157 1954
3925 16472111 1925
3926 16474036 2220
3927 16476256 1950
3928 16478206 3120
3929 16481326 1790
3930 16483116 3193
3931 16486309 3797
3932 16490106 513
3933 16490619 1101
3934 16491720 806
3935 16492526 2564
3936 16495090 1053
3937 16496143 2276
3938 16498419 1858
3939 16500277 1420
3940 16501697 720
3941 16502417 1673
3942 16504090 2534
3943 16506624 1562
3944 16508186 2282
3945 16510468 2385
3946 16512853 2245
3947 16515098 1063
3948 16516161 2516
3949 16518677 1422
3950 16520099 4182
3951 16524281 2105
3952 16526386 1786
3954 16528172 4209
3955 16532381 533
3956 16532914 826
3957 16533740 2560
3958 16536300 4235
3959 16540535 3554
3960 16544089 900
3962 16544989 3510
3963 16548499 1217
3964 16549716 2391
3965 16552107 2650
3966 16554757 2136
3967 16556893 998
3968 16557891 5435
3969 16563326 1967
3970 16565293 1497
3971 16566790 1852
3972 16568642 1166
3973 16569808 1173
3974 16570981 6954
3975 16577935 3752
3976 16581687 1018
3977 16582705 2468
3978 16585173 2227
3979 16587400 3218
3980 16590618 2583
3981 16593201 30038
3982 16623239 1092
3983 16624331 1742
3984 16626073 5093
3985 16631166 1246
3986 16632412 1646
3987 16634058 1727
3988 16635785 2406
3989 16638191 1674
3990 16639865 1578
3991 16641443 2635
3992 16644078 3206
3993 16647284 4660
3994 16651944 1780
3995 16653724 951
3996 16654675 1490
3997 16656165 2050
3998 16658215 1524
3999 16659739 1796
4000 16661535 1284
4001 16662819 1903
4002 16664722 1607
4003 16666329 856
4004 16667185 2714
4005 16669899 1871
4006 16671770 6151
4007 16677921 2719
4008 16680640 1400
4009 16682040 1202
4010 16683242 2684
4011 16685926 1453
4012 16687379 2313
4013 16689692 1464
4014 16691156 1336
4015 16692492 2188
4016 16694680 1517
4017 16696197 1712
4018 16697909 5180
4019 16703089 2584
4020 16705673 5606
4021 16711279 1672
4022 16712951 1282
4023 16714233 2961
4024 16717194 1599
4025 16718793 2787
4026 16721580 1291
4027 16722871 858
4028 16723729 1605
4029 16725334 3993
4030 16729327 3234
4031 16732561 2983
4032 16735544 3355
4033 16738899 2710
4034 16741609 1405
4035 16743014 1368
4036 16744382 882
4037 16745264 2163
4039 16747427 1088
4040 16748515 3322
4041 16751837 3199
4042 16755036 3764
4043 16758800 1746
4044 16760546 4870
4045 16765416 3862
4047 16769278 1783
4048 16771061 967
4049 16772028 1268
4050 16773296 983
4051 16774279 1154
4052 16775433 5078
4053 16780511 2279
4054 16782790 1853
4055 16784643 1127
4056 16785770 1290
4057 16787060 1236
4058 16788296 4181
4059 16792477 1504
4060 16793981 2687
4061 16796668 2139
4062 16798807 1097
4063 16799904 1832
4064 16801736 4997
4065 16806733 2336
4066 16809069 1613
4068 16810682 2810
4069 16813492 937
4070 16814429 1114
4071 16815543 15549
4072 16831092 6422
4073 16837514 13953
4074 16851467 726
4075 16852193 2759
4076 16854952 2041
4077 16856993 2598
4078 16859591 2774
4079 16862365 1767
4080 16864132 20041
4081 16884173 9028
4082 16893201 3561
4083 16896762 3543
4084 16900305 3384
4085 16903689 2092
4086 16905781 3351
4087 16909132 419
4089 16909551 2898
4091 16912449 1796
4092 16914245 4097
4094 16918342 2958
4095 16921300 918
4098 16922218 3835
4100 16926053 28625
4101 16954678 4203
4102 16958881 7378
4103 16966259 9320
4104 16975579 30289
4105 17005868 19672
4106 17025540 927
4107 17026467 605
4108 17027072 2301
4109 17029373 1603
4110 17030976 4954
4111 17035930 3304
4112 17039234 4037
4113 17043271 2489
4114 17045760 4580
4115 17050340 1133
4116 17051473 1992
4117 17053465 658
4118 17054123 410
4119 17054533 9908
4120 17064441 2289
4121 17066730 842
4123 17067572 3531
4124 17071103 920
4125 17072023 2574
4126 17074597 3112
4127 17077709 319
4128 17078028 7197
4129 17085225 19020
4130 17104245 5691
4131 17109936 1291
4132 17111227 2168
4133 17113395 2336
4134 17115731 2597
4136 17118328 1233
4137 17119561 8988
4138 17128549 3636
4140 17132185 2347
4141 17134532 22084
4142 17156616 841
4143 17157457 384
4144 17157841 1140
4145 17158981 3833
4146 17162814 1124
4147 17163938 3527
4148 17167465 3239
4149 17170704 1554
4150 17172258 1323
4151 17173581 1993
4152 17175574 2146
4154 17177720 1302
4155 17179022 3884
4156 17182906 541
4157 17183447 6459
4158 17189906 2563
4159 17192469 3661
4160 17196130 809
4161 17196939 1260
4162 17198199 2406
4163 17200605 678
4164 17201283 777
4165 17202060 5006
4166 17207066 783
4167 17207849 1097
4168 17208946 2940
4169 17211886 4412
4170 17216298 9680
4171 17225978 2186
4172 17228164 3167
4173 17231331 2102
4174 17233433 2283
4175 17235716 27014
4176 17262730 1896
4177 17264626 1776
4178 17266402 5376
4179 17271778 5466
4180 17277244 2497
4181 17279741 3414
4182 17283155 4766
4183 17287921 3729
4184 17291650 3382
4185 17295032 15490
4186 17310522 4134
4187 17314656 3599
4188 17318255 10159
4189 17328414 1672
4190 17330086 1493
4191 17331579 5870
4192 17337449 10962
4193 17348411 5058
4194 17353469 3858
4195 17357327 2201
4196 17359528 1264
4197 17360792 658
4198 17361450 1536
4199 17362986 4655
4200 17367641 2741
4201 17370382 1957
4202 17372339 8773
4203 17381112 6277
4204 17387389 5185
4205 17392574 1978
4206 17394552 6480
4207 17401032 2974
4208 17404006 2944
4209 17406950 7516
4210 17414466 1702
4211 17416168 2122
4212 17418290 2597
4213 17420887 1698
4214 17422585 1594
4215 17424179 10923
4216 17435102 7620
4217 17442722 3362
4218 17446084 3043
4219 17449127 1905
4220 17451032 5580
4221 17456612 8173
4222 17464785 3213
4223 17467998 583
4224 17468581 3662
4225 17472243 5105
4226 17477348 6915
4227 17484263 915
4228 17485178 2369
4229 17487547 4374
4230 17491921 3558
4231 17495479 2911
4232 17498390 5632
4233 17504022 5082
4234 17509104 7360
4235 17516464 1130
4236 17517594 3945
4237 17521539 1347
4239 17522886 3299
4240 17526185 4388
4241 17530573 4858
4242 17535431 2351
4243 17537782 6067
4244 17543849 2285
4245 17546134 1714
4246 17547848 15306
4248 17563154 5399
4249 17568553 1365
4250 17569918 5702
4251 17575620 1399
4252 17577019 6570
4254 17583589 4615
4255 17588204 9774
4256 17597978 1731
4257 17599709 3483
4258 17603192 15532
4260 17618724 3915
4261 17622639 7902
4262 17630541 13689
4263 17644230 3785
4264 17648015 14061
4266 17662076 3676
4267 17665752 1995
4268 17667747 3217
4269 17670964 2856
4270 17673820 7572
4271 17681392 399
4272 17681791 495
4273 17682286 11261
4274 17693547 4492
4275 17698039 3677
4276 17701716 9027
4277 17710743 3408
4278 17714151 2052
4279 17716203 2002
4280 17718205 7132
4281 17725337 6465
4282 17731802 3691
4283 17735493 2247
4284 17737740 14970
4285 17752710 6415
4286 17759125 1329
4287 17760454 1976
4288 17762430 2938
4289 17765368 2585
4290 17767953 2137
4291 17770090 1589
4292 17771679 741
4293 17772420 1391
4294 17773811 735
4295 17774546 387
4296 17774933 3988
4298 17778921 3063
4299 17781984 4165
4300 17786149 7608
4301 17793757 5438
4302 17799195 1344
4304 17800539 1173
4305 17801712 929
4306 17802641 1859
4307 17804500 2408
4308 17806908 5497
4310 17812405 8101
4311 17820506 2471
4312 17822977 916
4313 17823893 847
4314 17824740 1643
4315 17826383 2239
4316 17828622 7287
4317 17835909 1641
4318 17837550 4769
4319 17842319 2457
4320 17844776 3626
4321 17848402 2693
4322 17851095 6963
4323 17858058 2304
4324 17860362 3023
4325 17863385 4605
4326 17867990 2523
4327 17870513 2885
4328 17873398 1906
4329 17875304 1275
4330 17876579 4738
4331 17881317 1635
4332 17882952 992
4333 17883944 1603
4334 17885547 1801
4335 17887348 4610
4336 17891958 1674
4337 17893632 2686
4338 17896318 9350
4339 17905668 1878
4340 17907546 2629
4341 17910175 9091
4342 17919266 3552
4343 17922818 6159
4344 17928977 3370
4345 17932347 2957
4346 17935304 7883
4347 17943187 1735
4348 17944922 2202
4349 17947124 1648
4350 17948772 964
4352 17949736 1668
4353 17951404 1770
4355 17953174 7388
4356 17960562 3144
4357 17963706 1676
4358 17965382 1412
4359 17966794 7689
4360 17974483 1993
4361 17976476 2115
4362 17978591 1785
4363 17980376 1687
4364 17982063 2078
4365 17984141 1158
